#
eigensolver     chebdav

begin save_wfn_bands
end save_wfn_bands

ignore_symmetry .true.
grid_spacing    0.30
diag_tolerance           2.d-5
convergence_criterion    2.d-4
Max_Iter                 400
Restart_mixing           40
mixing_param             0.1

correlation_type         CA


#---------output from afm.sh----------
potential_field  .TRUE.
potential_field_name  s_pot.dat
kinetic_energy_functional pb

minimization manual
movement_num  1023

#---------output from afm.py----------

minimization manual

states_num 8

boundary_conditions slab
begin cell_shape
   33.157268746643    0.000000000000    0.000000000000
    0.000000000000   32.817185205376    0.000000000000
end cell_shape

kpoint_method mp

begin monkhorst_pack_grid
  2  2
end monkhorst_pack_grid

begin monkhorst_pack_shift
0.0  0.0  0.0
end monkhorst_pack_shift

boundary_sphere_radius 10.568814

atom_types_num 2
coordinate_unit cartesian_bohr

#------------- begin tip -------------
atom_type O
local_component: s
begin atom_coord
   -9.344320520200   -9.419746927100   -0.468814000000
end atom_coord

atom_type C
local_component: s
begin atom_coord
   -9.344320520200   -9.419746927100    1.668814000000
end atom_coord

#-------------- end tip --------------

#------------ begin sample -----------
add_point_charges .TRUE.
point_typ_num 3

pt_chg: 4
begin point_coord
    0.000000000000   31.300975048546   -5.568814000000
end point_coord

pt_chg: 3
begin point_coord
    0.000000000000    6.942259994286   -5.568814000000
    4.680965207897    6.837913586769   -5.568814000000
    9.422475952578    6.809636326808   -5.568814000000
   14.191961410921    6.812941228242   -5.568814000000
   18.965307335723    6.812941228242   -5.568814000000
   23.734792794065    6.809636326808   -5.568814000000
   28.476303538746    6.837913586769   -5.568814000000
    0.000000000000   15.051716973804   -5.568814000000
    4.746595270095   15.047757439584   -5.568814000000
    9.473744069534   15.035322991769   -5.568814000000
   14.207646534135   15.034947289503   -5.568814000000
   18.949622212509   15.034947289503   -5.568814000000
   23.683524677109   15.035322991769   -5.568814000000
   28.410673476549   15.047757439584   -5.568814000000
    0.000000000000   23.198175294354   -5.568814000000
    4.734168499681   23.236122209730   -5.568814000000
    9.465821768657   23.263104903727   -5.568814000000
   14.206448341903   23.260792320292   -5.568814000000
   18.950820404740   23.260792320292   -5.568814000000
   23.691446977986   23.263104903727   -5.568814000000
   28.423100246963   23.236122209730   -5.568814000000
    4.604135018899   31.472958220812   -5.568814000000
    9.391038317402   31.459354237569   -5.568814000000
   14.184498501941   31.455341991390   -5.568814000000
   18.972770244702   31.455341991390   -5.568814000000
   23.766230429241   31.459354237569   -5.568814000000
   28.553133727744   31.472958220812   -5.568814000000
    1.945092288730    2.775948083551   -5.568814000000
    6.902392811520    2.718595050696   -5.568814000000
   11.761309611834    2.719353246791   -5.568814000000
   16.578634373322    2.720772790750   -5.568814000000
   21.395959134809    2.719353246791   -5.568814000000
   26.254875935124    2.718595050696   -5.568814000000
   31.212176457914    2.775948083551   -5.568814000000
    2.372673954372   10.976111248613   -5.568814000000
    7.092123117762   10.930398017019   -5.568814000000
   11.828853411249   10.919052386489   -5.568814000000
   16.578634373322   10.921572961343   -5.568814000000
   21.328415335395   10.919052386489   -5.568814000000
   26.065145628881   10.930398017019   -5.568814000000
   30.784594792271   10.976111248613   -5.568814000000
    2.374164573210   19.132039495502   -5.568814000000
    7.110879373758   19.146625207126   -5.568814000000
   11.840498479139   19.150634441517   -5.568814000000
   16.578634373322   19.148436738527   -5.568814000000
   21.316770267504   19.150634441517   -5.568814000000
   26.046389372883   19.146625207126   -5.568814000000
   30.783104173433   19.132039495502   -5.568814000000
    2.341561572148   27.284512836857   -5.568814000000
    7.070761893584   27.368661454714   -5.568814000000
   11.820842315049   27.367926446847   -5.568814000000
   16.578634373322   27.363070411338   -5.568814000000
   21.336426431594   27.367926446847   -5.568814000000
   26.086506853059   27.368661454714   -5.568814000000
   30.815707174495   27.284512836857   -5.568814000000
end point_coord

pt_chg: 5
begin point_coord
    4.419066216141    1.379652211506   -5.568814000000
    9.337840370368    1.373549935255   -5.568814000000
   14.172158727874    1.370476081286   -5.568814000000
   18.985110018769    1.370476081286   -5.568814000000
   23.819428376275    1.373549935255   -5.568814000000
   28.738202530501    1.379652211506   -5.568814000000
    0.000000000000    9.646659479576   -5.568814000000
    4.718091860329    9.579166516665   -5.568814000000
    9.453153049554    9.549952468880   -5.568814000000
   14.202390318355    9.551306552962   -5.568814000000
   18.954878428288    9.551306552962   -5.568814000000
   23.704115697090    9.549952468880   -5.568814000000
   28.439176886315    9.579166516665   -5.568814000000
    0.000000000000   17.779614435994   -5.568814000000
    4.746057148552   17.778918565079   -5.568814000000
    9.475636587971   17.775404412695   -5.568814000000
   14.208399869246   17.777256810973   -5.568814000000
   18.948868877398   17.777256810973   -5.568814000000
   23.681632158672   17.775404412695   -5.568814000000
   28.411211598091   17.778918565079   -5.568814000000
    0.000000000000   25.920630476448   -5.568814000000
    4.719864351626   25.973964733427   -5.568814000000
    9.448443169941   26.002877545260   -5.568814000000
   14.200455019839   25.999867710989   -5.568814000000
   18.956813726804   25.999867710989   -5.568814000000
   23.708825576702   26.002877545260   -5.568814000000
   28.437404395017   25.973964733427   -5.568814000000
    2.298545785782    5.506737178059   -5.568814000000
    7.028618713771    5.450915972324   -5.568814000000
   11.801350241426    5.452335714795   -5.568814000000
   16.578634373322    5.454543471896   -5.568814000000
   21.355918505218    5.452335714795   -5.568814000000
   26.128650032872    5.450915972324   -5.568814000000
   30.858722960861    5.506737178059   -5.568814000000
    2.374764898996   13.700657521017   -5.568814000000
    7.106373542836   13.668675075323   -5.568814000000
   11.838620249490   13.660412415511   -5.568814000000
   16.578634373322   13.662932987544   -5.568814000000
   21.318648497153   13.660412415511   -5.568814000000
   26.050895203807   13.668675075323   -5.568814000000
   30.782503847648   13.700657521017   -5.568814000000
    2.373397468598   21.861219476234   -5.568814000000
    7.104671585245   21.883242593114   -5.568814000000
   11.835997104579   21.891752102926   -5.568814000000
   16.578634373322   21.890292960035   -5.568814000000
   21.321271642065   21.891752102926   -5.568814000000
   26.052597161398   21.883242593114   -5.568814000000
   30.783871278045   21.861219476234   -5.568814000000
    2.253745747582   30.033131000755   -5.568814000000
    7.002602038071   30.106240074517   -5.568814000000
   11.792556477482   30.103440633486   -5.568814000000
   16.578634373322   30.098926829804   -5.568814000000
   21.364712269162   30.103440633486   -5.568814000000
   26.154666708573   30.106240074517   -5.568814000000
   30.903522999059   30.033131000755   -5.568814000000
end point_coord

#------------- end sample ------------

