#
eigensolver     chebdav

begin save_wfn_bands
end save_wfn_bands

ignore_symmetry .true.
grid_spacing    0.30
diag_tolerance           2.d-5
convergence_criterion    2.d-4
Max_Iter                 400
Restart_mixing           40
mixing_param             0.1

correlation_type         CA


#---------output from afm.py----------
states_num 254

boundary_conditions slab
begin cell_shape
   33.157268746643    0.000000000000    0.000000000000
    0.000000000000   32.817185205376    0.000000000000
end cell_shape

kpoint_method mp

begin monkhorst_pack_grid
  2  2
end monkhorst_pack_grid

begin monkhorst_pack_shift
0.0  0.0  0.0
end monkhorst_pack_shift

boundary_sphere_radius 10.7235300705

atom_types_num 3
coordinate_unit cartesian_bohr

#------------ begin sample -----------
atom_type C
local_component s
begin atom_coord
    0.000000000000   31.295044449410   -4.334556593416
end atom_coord

atom_type B
local_component s
begin atom_coord
    0.000000000000    6.935135691064   -5.376295107439
    4.677674325253    6.827756218930   -5.413588125756
    9.418028000997    6.803500645584   -5.460492792506
   14.190515850696    6.810601002360   -5.414097929458
   18.966752895948    6.810601002360   -5.414097929458
   23.739240745646    6.803500645584   -5.460492792506
   28.479594421390    6.827756218930   -5.413588125756
    0.000000000000   15.047881920262   -5.379495041361
    4.746285599359   15.045117969667   -5.388648516198
    9.472967981918   15.036289527416   -5.401174242343
   14.207698568753   15.035041972817   -5.411941300996
   18.949570177891   15.035041972817   -5.411941300996
   23.684300764725   15.036289527416   -5.401174242343
   28.410983147282   15.045117969667   -5.388648516198
    0.000000000000   23.188382649799   -5.447000387300
    4.727897583571   23.240282301477   -5.471685345554
    9.459869229808   23.269234906524   -5.434485449486
   14.204256937961   23.268381308835   -5.404573890141
   18.953011808682   23.268381308835   -5.404573890141
   23.697399516835   23.269234906524   -5.434485449486
   28.429371163073   23.240282301477   -5.471685345554
    4.559839313347   31.483031023012   -5.304216525758
    9.371688049679   31.461621925187   -5.469244565612
   14.177973565824   31.458186648229   -5.428520408893
   18.979295180820   31.458186648229   -5.428520408893
   23.785580696963   31.461621925187   -5.469244565612
   28.597429433296   31.483031023012   -5.304216525758
    1.888306504254    2.781666083700   -5.723530070542
    6.879335046624    2.709656620831   -5.571992385943
   11.751425063614    2.716906768059   -5.466259751940
   16.578634373322    2.720023932980   -5.412006157170
   21.405843683029    2.716906768059   -5.466259751940
   26.277933700019    2.709656620831   -5.571992385943
   31.268962242390    2.781666083700   -5.723530070542
    2.373311118734   10.970164595471   -5.335883583833
    7.090317831689   10.926272306732   -5.381456715679
   11.827040005833   10.916551696630   -5.404601910594
   16.578634373322   10.919621054126   -5.408737862630
   21.330228740812   10.916551696630   -5.404601910594
   26.066950914954   10.926272306732   -5.381456715679
   30.783957627909   10.970164595471   -5.335883583833
    2.374470230090   19.127244550715   -5.462230813758
    7.109202342235   19.149053646540   -5.439536208687
   11.840168442136   19.154385065728   -5.414740807080
   16.578634373322   19.153775571342   -5.407933485283
   21.317100304508   19.154385065728   -5.414740807080
   26.048066404408   19.149053646540   -5.439536208687
   30.782798516554   19.127244550715   -5.462230813758
    2.322071635419   27.291647055590   -5.297438428220
    7.052711098062   27.376597130356   -5.404557338571
   11.811477919940   27.373472465237   -5.424134622530
   16.578634373322   27.370693328725   -5.404067307808
   21.345790826704   27.373472465237   -5.424134622530
   26.104557648582   27.376597130356   -5.404557338571
   30.835197111224   27.291647055590   -5.297438428220
end atom_coord

atom_type N
local_component s
begin atom_coord
    4.387138302331    1.370134118204   -5.639472238649
    9.322869330005    1.372109888366   -5.514911717908
   14.166552974013    1.371865166805   -5.427230539218
   18.990715772630    1.371865166805   -5.427230539218
   23.834399416639    1.372109888366   -5.514911717908
   28.770130444313    1.370134118204   -5.639472238649
    0.000000000000    9.640072364670   -5.317831558334
    4.717452001981    9.571811930519   -5.354640896545
    9.451030956425    9.545403624875   -5.408448159323
   14.201401256976    9.549838703841   -5.407232460312
   18.955867489667    9.549838703841   -5.407232460312
   23.706237790220    9.545403624875   -5.408448159323
   28.439816744663    9.571811930519   -5.354640896545
    0.000000000000   17.775923705523   -5.439671427504
    4.746105224430   17.776832636662   -5.434623722667
    9.474889357771   17.778242453501   -5.416172188746
   14.208784489586   17.779486641284   -5.411550563539
   18.948484257057   17.779486641284   -5.411550563539
   23.682379388872   17.778242453501   -5.416172188746
   28.411163522214   17.776832636662   -5.434623722667
    0.000000000000   25.909716984436   -5.330211763622
    4.702788888209   25.980829369266   -5.438478847024
    9.434634671589   26.011245758318   -5.425165337173
   14.195738910416   26.008304458197   -5.404778419935
   18.961529836228   26.008304458197   -5.404778419935
   23.722634075055   26.011245758318   -5.425165337173
   28.454479858435   25.980829369266   -5.438478847024
    2.297047989714    5.494847324200   -5.419110573212
    7.022941173762    5.443274024435   -5.513251624447
   11.798192565636    5.449340017068   -5.451596493160
   16.578634373322    5.453437970249   -5.400222407690
   21.359076181007    5.449340017068   -5.451596493160
   26.134327572884    5.443274024435   -5.513251624447
   30.860220756930    5.494847324200   -5.419110573212
    2.374605072737   13.696499445985   -5.355906462419
    7.105895919502   13.666711598198   -5.384282257479
   11.837894595552   13.660014200595   -5.403928928658
   16.578634373322   13.662242211621   -5.414847914827
   21.319374151091   13.660014200595   -5.403928928658
   26.051372827142   13.666711598198   -5.384282257479
   30.782663673907   13.696499445985   -5.355906462419
    2.372534098484   21.856727970714   -5.487939478557
    7.099949809231   21.887345692634   -5.458938243362
   11.832537103622   21.897813396029   -5.416195892342
   16.578634373322   21.897339369431   -5.400724840411
   21.324731643021   21.897813396029   -5.416195892342
   26.057318937413   21.887345692634   -5.458938243362
   30.784734648160   21.856727970714   -5.487939478557
    2.206991241632   30.033949961317   -4.960176150371
    6.970522239239   30.116609261337   -5.393035742430
   11.779556599246   30.108073607403   -5.448928714902
   16.578634373322   30.105748209751   -5.408956792702
   21.377712147398   30.108073607403   -5.448928714902
   26.186746507404   30.116609261337   -5.393035742430
   30.950277505012   30.033949961317   -4.960176150371
end atom_coord

#------------- end sample ------------

