#
eigensolver     chebdav

begin save_wfn_bands
end save_wfn_bands

ignore_symmetry .true.
grid_spacing    0.30
diag_tolerance           2.d-5
convergence_criterion    2.d-4
Max_Iter                 400
Restart_mixing           40
mixing_param             0.1

correlation_type         CA


#---------output from afm.sh----------
potential_field  .TRUE.
potential_field_name  s_pot.dat
kinetic_energy_functional pb

minimization manual
movement_num  1023

#---------output from afm.py----------

minimization manual

states_num 8

boundary_conditions slab
begin cell_shape
   33.157268746643    0.000000000000    0.000000000000
    0.000000000000   32.817185205376    0.000000000000
end cell_shape

kpoint_method mp

begin monkhorst_pack_grid
  2  2
end monkhorst_pack_grid

begin monkhorst_pack_shift
0.0  0.0  0.0
end monkhorst_pack_shift

boundary_sphere_radius 11.108584668

atom_types_num 2
coordinate_unit cartesian_bohr

#------------- begin tip -------------
atom_type O
local_component: s
begin atom_coord
   -9.344320520200   -9.419746927100    3.970956668021
end atom_coord

atom_type C
local_component: s
begin atom_coord
   -9.344320520200   -9.419746927100    6.108584668021
end atom_coord

#-------------- end tip --------------

#------------ begin sample -----------
add_point_charges .TRUE.
point_typ_num 3

pt_chg: 4
begin point_coord
    0.000000000000   31.295044449410   -6.108584668021
end point_coord

pt_chg: 3
begin point_coord
    0.000000000000    6.935135691064   -5.066846153998
    4.677674325253    6.827756218930   -5.029553135681
    9.418028000997    6.803500645584   -4.982648468931
   14.190515850696    6.810601002360   -5.029043331979
   18.966752895948    6.810601002360   -5.029043331979
   23.739240745646    6.803500645584   -4.982648468931
   28.479594421390    6.827756218930   -5.029553135681
    0.000000000000   15.047881920262   -5.063646220076
    4.746285599359   15.045117969667   -5.054492745239
    9.472967981918   15.036289527416   -5.041967019094
   14.207698568753   15.035041972817   -5.031199960440
   18.949570177891   15.035041972817   -5.031199960440
   23.684300764725   15.036289527416   -5.041967019094
   28.410983147282   15.045117969667   -5.054492745239
    0.000000000000   23.188382649799   -4.996140874137
    4.727897583571   23.240282301477   -4.971455915883
    9.459869229808   23.269234906524   -5.008655811951
   14.204256937961   23.268381308835   -5.038567371296
   18.953011808682   23.268381308835   -5.038567371296
   23.697399516835   23.269234906524   -5.008655811951
   28.429371163073   23.240282301477   -4.971455915883
    4.559839313347   31.483031023012   -5.138924735679
    9.371688049679   31.461621925187   -4.973896695825
   14.177973565824   31.458186648229   -5.014620852544
   18.979295180820   31.458186648229   -5.014620852544
   23.785580696963   31.461621925187   -4.973896695825
   28.597429433296   31.483031023012   -5.138924735679
    1.888306504254    2.781666083700   -4.719611190894
    6.879335046624    2.709656620831   -4.871148875494
   11.751425063614    2.716906768059   -4.976881509497
   16.578634373322    2.720023932980   -5.031135104267
   21.405843683029    2.716906768059   -4.976881509497
   26.277933700019    2.709656620831   -4.871148875494
   31.268962242390    2.781666083700   -4.719611190894
    2.373311118734   10.970164595471   -5.107257677603
    7.090317831689   10.926272306732   -5.061684545758
   11.827040005833   10.916551696630   -5.038539350843
   16.578634373322   10.919621054126   -5.034403398807
   21.330228740812   10.916551696630   -5.038539350843
   26.066950914954   10.926272306732   -5.061684545758
   30.783957627909   10.970164595471   -5.107257677603
    2.374470230090   19.127244550715   -4.980910447678
    7.109202342235   19.149053646540   -5.003605052749
   11.840168442136   19.154385065728   -5.028400454357
   16.578634373322   19.153775571342   -5.035207776154
   21.317100304508   19.154385065728   -5.028400454357
   26.048066404408   19.149053646540   -5.003605052749
   30.782798516554   19.127244550715   -4.980910447678
    2.322071635419   27.291647055590   -5.145702833216
    7.052711098062   27.376597130356   -5.038583922866
   11.811477919940   27.373472465237   -5.019006638906
   16.578634373322   27.370693328725   -5.039073953628
   21.345790826704   27.373472465237   -5.019006638906
   26.104557648582   27.376597130356   -5.038583922866
   30.835197111224   27.291647055590   -5.145702833216
end point_coord

pt_chg: 5
begin point_coord
    4.387138302331    1.370134118204   -4.803669022788
    9.322869330005    1.372109888366   -4.928229543528
   14.166552974013    1.371865166805   -5.015910722219
   18.990715772630    1.371865166805   -5.015910722219
   23.834399416639    1.372109888366   -4.928229543528
   28.770130444313    1.370134118204   -4.803669022788
    0.000000000000    9.640072364670   -5.125309703103
    4.717452001981    9.571811930519   -5.088500364891
    9.451030956425    9.545403624875   -5.034693102114
   14.201401256976    9.549838703841   -5.035908801125
   18.955867489667    9.549838703841   -5.035908801125
   23.706237790220    9.545403624875   -5.034693102114
   28.439816744663    9.571811930519   -5.088500364891
    0.000000000000   17.775923705523   -5.003469833933
    4.746105224430   17.776832636662   -5.008517538770
    9.474889357771   17.778242453501   -5.026969072691
   14.208784489586   17.779486641284   -5.031590697898
   18.948484257057   17.779486641284   -5.031590697898
   23.682379388872   17.778242453501   -5.026969072691
   28.411163522214   17.776832636662   -5.008517538770
    0.000000000000   25.909716984436   -5.112929497814
    4.702788888209   25.980829369266   -5.004662414413
    9.434634671589   26.011245758318   -5.017975924263
   14.195738910416   26.008304458197   -5.038362841502
   18.961529836228   26.008304458197   -5.038362841502
   23.722634075055   26.011245758318   -5.017975924263
   28.454479858435   25.980829369266   -5.004662414413
    2.297047989714    5.494847324200   -5.024030688225
    7.022941173762    5.443274024435   -4.929889636990
   11.798192565636    5.449340017068   -4.991544768277
   16.578634373322    5.453437970249   -5.042918853747
   21.359076181007    5.449340017068   -4.991544768277
   26.134327572884    5.443274024435   -4.929889636990
   30.860220756930    5.494847324200   -5.024030688225
    2.374605072737   13.696499445985   -5.087234799018
    7.105895919502   13.666711598198   -5.058859003958
   11.837894595552   13.660014200595   -5.039212332779
   16.578634373322   13.662242211621   -5.028293346610
   21.319374151091   13.660014200595   -5.039212332779
   26.051372827142   13.666711598198   -5.058859003958
   30.782663673907   13.696499445985   -5.087234799018
    2.372534098484   21.856727970714   -4.955201782880
    7.099949809231   21.887345692634   -4.984203018075
   11.832537103622   21.897813396029   -5.026945369094
   16.578634373322   21.897339369431   -5.042416421026
   21.324731643021   21.897813396029   -5.026945369094
   26.057318937413   21.887345692634   -4.984203018075
   30.784734648160   21.856727970714   -4.955201782880
    2.206991241632   30.033949961317   -5.482965111065
    6.970522239239   30.116609261337   -5.050105519007
   11.779556599246   30.108073607403   -4.994212546535
   16.578634373322   30.105748209751   -5.034184468734
   21.377712147398   30.108073607403   -4.994212546535
   26.186746507404   30.116609261337   -5.050105519007
   30.950277505012   30.033949961317   -5.482965111065
end point_coord

#------------- end sample ------------

