#   ix    iy    iz      toten(eV)
     0     0     0     -15341.741319476494
     1     0     0     -15341.742218268582
     2     0     0     -15341.738894261696
     3     0     0     -15341.733330621662
     4     0     0     -15341.728908499283
     5     0     0     -15341.728444953320
     6     0     0     -15341.732244887353
     7     0     0     -15341.737865263123
     8     0     0     -15341.741875541171
     9     0     0     -15341.741882071907
    10     0     0     -15341.737889073085
    11     0     0     -15341.732264751665
    12     0     0     -15341.728449171083
    13     0     0     -15341.728965915310
    14     0     0     -15341.733361234472
    15     0     0     -15341.738845689371
    16     0     0     -15341.742212690249
    17     0     0     -15341.741300156409
     0     1     0     -15341.745431253012
     1     1     0     -15341.746423924384
     2     1     0     -15341.742770523666
     3     1     0     -15341.736596260127
     4     1     0     -15341.731749504064
     5     1     0     -15341.731261739968
     6     1     0     -15341.735448483854
     7     1     0     -15341.741658802481
     8     1     0     -15341.746007045947
     9     1     0     -15341.746016433875
    10     1     0     -15341.741629958413
    11     1     0     -15341.735421000354
    12     1     0     -15341.731238746344
    13     1     0     -15341.731773722198
    14     1     0     -15341.736606056224
    15     1     0     -15341.742746033418
    16     1     0     -15341.746399978363
    17     1     0     -15341.745396150323
     0     2     0     -15341.746258207040
     1     2     0     -15341.747118767131
     2     2     0     -15341.743927823924
     3     2     0     -15341.738356564705
     4     2     0     -15341.734030498517
     5     2     0     -15341.733560557876
     6     2     0     -15341.737321579625
     7     2     0     -15341.742865083233
     8     2     0     -15341.746811958750
     9     2     0     -15341.746798489114
    10     2     0     -15341.742871205795
    11     2     0     -15341.737369743780
    12     2     0     -15341.733567360725
    13     2     0     -15341.734072812225
    14     2     0     -15341.738392211617
    15     2     0     -15341.743899115911
    16     2     0     -15341.747118767131
    17     2     0     -15341.746269227653
     0     3     0     -15341.742832021398
     1     3     0     -15341.743429175269
     2     3     0     -15341.741285598317
     3     3     0     -15341.737499269979
     4     3     0     -15341.734465064354
     5     3     0     -15341.734166555449
     6     3     0     -15341.736761977467
     7     3     0     -15341.740563952357
     8     3     0     -15341.743188218446
     9     3     0     -15341.743174340638
    10     3     0     -15341.740528305440
    11     3     0     -15341.736747419378
    12     3     0     -15341.734138527720
    13     3     0     -15341.734517446275
    14     3     0     -15341.737503759858
    15     3     0     -15341.741277843073
    16     3     0     -15341.743419515227
    17     3     0     -15341.742820456559
     0     4     0     -15341.736636396921
     1     4     0     -15341.736785243203
     2     4     0     -15341.736084277894
     3     4     0     -15341.735388210633
     4     4     0     -15341.733831991454
     5     4     0     -15341.733704778222
     6     4     0     -15341.734624931250
     7     4     0     -15341.736375711842
     8     4     0     -15341.736751365028
     9     4     0     -15341.736710003721
    10     4     0     -15341.735928084538
    11     4     0     -15341.734667244957
    12     4     0     -15341.733713894040
    13     4     0     -15341.733789541691
    14     4     0     -15341.734958951016
    15     4     0     -15341.736163054857
    16     4     0     -15341.736750140515
    17     4     0     -15341.736570817480
     0     5     0     -15341.730900236700
     1     5     0     -15341.730585264904
     2     5     0     -15341.731650726735
     3     5     0     -15341.733827229462
     4     5     0     -15341.734600441001
     5     5     0     -15341.734621257712
     6     5     0     -15341.733625729146
     7     5     0     -15341.732502579182
     8     5     0     -15341.730756696637
     9     5     0     -15341.730734655415
    10     5     0     -15341.731971412921
    11     5     0     -15341.734144650283
    12     5     0     -15341.734606835678
    13     5     0     -15341.734511731884
    14     5     0     -15341.733332390402
    15     5     0     -15341.731714673489
    16     5     0     -15341.730629619464
    17     5     0     -15341.730833160635
     0     6     0     -15341.728418422219
     1     6     0     -15341.727663034137
     2     6     0     -15341.730269612823
     3     6     0     -15341.734921807474
     4     6     0     -15341.737719546150
     5     6     0     -15341.738010435869
     6     6     0     -15341.735255963296
     7     6     0     -15341.731499159314
     8     6     0     -15341.728008754799
     9     6     0     -15341.727929569664
    10     6     0     -15341.731075750142
    11     6     0     -15341.735746312475
    12     6     0     -15341.737984176883
    13     6     0     -15341.737630700974
    14     6     0     -15341.734385062880
    15     6     0     -15341.730808942501
    16     6     0     -15341.727714055485
    17     6     0     -15341.728365904240
     0     7     0     -15341.729658581145
     1     7     0     -15341.728730128649
     2     7     0     -15341.732199580394
     3     7     0     -15341.738039552054
     4     7     0     -15341.742457320610
     5     7     0     -15341.742946445278
     6     7     0     -15341.739099843717
     7     7     0     -15341.733810902630
     8     7     0     -15341.729173130016
     9     7     0     -15341.729092720368
    10     7     0     -15341.733308444385
    11     7     0     -15341.739162157792
    12     7     0     -15341.742944268368
    13     7     0     -15341.742435415445
    14     7     0     -15341.738000095544
    15     7     0     -15341.732729658199
    16     7     0     -15341.728708223483
    17     7     0     -15341.729605518944
     0     8     0     -15341.733103134475
     1     8     0     -15341.731547187410
     2     8     0     -15341.735251881588
     3     8     0     -15341.741460023304
     4     8     0     -15341.746727331340
     5     8     0     -15341.746713725648
     6     8     0     -15341.742635827302
     7     8     0     -15341.736479523281
     8     8     0     -15341.732460673644
     9     8     0     -15341.731985290726
    10     8     0     -15341.736425644736
    11     8     0     -15341.742636099418
    12     8     0     -15341.746696854587
    13     8     0     -15341.746188954065
    14     8     0     -15341.741452540173
    15     8     0     -15341.735325352331
    16     8     0     -15341.731592902537
    17     8     0     -15341.732553736587
     0     9     0     -15341.735046571679
     1     9     0     -15341.733741649650
     2     9     0     -15341.736922388591
     3     9     0     -15341.742226976226
     4     9     0     -15341.746821346678
     5     9     0     -15341.746725970770
     6     9     0     -15341.743240056136
     7     9     0     -15341.737948257853
     8     9     0     -15341.734566154655
     9     9     0     -15341.734076893932
    10     9     0     -15341.737926488742
    11     9     0     -15341.743242233046
    12     9     0     -15341.747263667765
    13     9     0     -15341.746280384321
    14     9     0     -15341.742240581918
    15     9     0     -15341.736940892333
    16     9     0     -15341.734226148385
    17     9     0     -15341.734565610428
     0    10     0     -15341.734598944377
     1    10     0     -15341.734008049123
     2    10     0     -15341.736105094606
     3    10     0     -15341.739548695534
     4    10     0     -15341.742549567209
     5    10     0     -15341.742383305640
     6    10     0     -15341.740102583301
     7    10     0     -15341.736762657754
     8    10     0     -15341.734686565042
     9    10     0     -15341.734174854921
    10    10     0     -15341.736747963607
    11    10     0     -15341.740159591154
    12    10     0     -15341.742427796256
    13    10     0     -15341.742097177914
    14    10     0     -15341.739496585731
    15    10     0     -15341.736090672572
    16    10     0     -15341.734433907319
    17    10     0     -15341.734545882175
     0    11     0     -15341.733960973424
     1    11     0     -15341.733787364783
     2    11     0     -15341.734285197093
     3    11     0     -15341.735108613639
     4    11     0     -15341.735646718804
     5    11     0     -15341.735709849221
     6    11     0     -15341.735210248169
     7    11     0     -15341.734454587973
     8    11     0     -15341.733834168366
     9    11     0     -15341.733873624877
    10    11     0     -15341.734471459031
    11    11     0     -15341.735270249275
    12    11     0     -15341.735739509630
    13    11     0     -15341.735636650592
    14    11     0     -15341.735074463351
    15    11     0     -15341.734282748068
    16    11     0     -15341.733766956242
    17    11     0     -15341.733927367362
     0    12     0     -15341.734766702573
     1    12     0     -15341.735100314168
     2    12     0     -15341.733893353130
     3    12     0     -15341.731780661103
     4    12     0     -15341.730084575398
     5    12     0     -15341.729975321681
     6    12     0     -15341.731375211448
     7    12     0     -15341.733498243801
     8    12     0     -15341.734929290604
     9    12     0     -15341.734974597563
    10    12     0     -15341.733467767050
    11    12     0     -15341.731411402592
    12    12     0     -15341.729956137657
    13    12     0     -15341.730075051411
    14    12     0     -15341.731737939226
    15    12     0     -15341.733856209588
    16    12     0     -15341.735076776320
    17    12     0     -15341.734749287285
     0    13     0     -15341.738234929808
     1    13     0     -15341.738972766545
     2    13     0     -15341.736251083692
     3    13     0     -15341.731747055041
     4    13     0     -15341.728211071455
     5    13     0     -15341.727836914893
     6    13     0     -15341.730879964218
     7    13     0     -15341.735424946006
     8    13     0     -15341.738646093852
     9    13     0     -15341.738697659430
    10    13     0     -15341.735417598933
    11    13     0     -15341.730933978819
    12    13     0     -15341.727873922380
    13    13     0     -15341.728246038087
    14    13     0     -15341.731765966955
    15    13     0     -15341.736252580318
    16    13     0     -15341.738898887632
    17    13     0     -15341.738220643829
     0    14     0     -15341.742932159299
     1    14     0     -15341.743883333307
     2    14     0     -15341.740321226791
     3    14     0     -15341.734404791134
     4    14     0     -15341.729708241925
     5    14     0     -15341.729340752156
     6    14     0     -15341.733282865680
     7    14     0     -15341.739233451624
     8    14     0     -15341.743432304580
     9    14     0     -15341.743493122029
    10    14     0     -15341.739294677245
    11    14     0     -15341.733308036211
    12    14     0     -15341.729327826748
    13    14     0     -15341.729833550360
    14    14     0     -15341.734429961667
    15    14     0     -15341.740368438544
    16    14     0     -15341.743809046222
    17    14     0     -15341.743000731994
     0    15     0     -15341.746195756910
     1    15     0     -15341.747221081943
     2    15     0     -15341.743602239687
     3    15     0     -15341.737547978359
     4    15     0     -15341.732732923563
     5    15     0     -15341.732283935691
     6    15     0     -15341.736377208466
     7    15     0     -15341.742438544754
     8    15     0     -15341.746784475250
     9    15     0     -15341.746865020956
    10    15     0     -15341.742463171058
    11    15     0     -15341.736323057808
    12    15     0     -15341.732222165845
    13    15     0     -15341.732807618819
    14    15     0     -15341.737541583687
    15    15     0     -15341.743567681227
    16    15     0     -15341.747165978888
    17    15     0     -15341.746244057120
     0    16     0     -15341.745594657388
     1    16     0     -15341.746403787958
     2    16     0     -15341.743385909165
     3    16     0     -15341.738410987477
     4    16     0     -15341.734380164829
     5    16     0     -15341.733998389082
     6    16     0     -15341.737472738878
     7    16     0     -15341.742424122720
     8    16     0     -15341.746103918482
     9    16     0     -15341.746139837513
    10    16     0     -15341.742509974643
    11    16     0     -15341.737474371561
    12    16     0     -15341.733975939687
    13    16     0     -15341.734497854077
    14    16     0     -15341.738434117155
    15    16     0     -15341.743466182756
    16    16     0     -15341.746437802189
    17    16     0     -15341.745659556544
     0    17     0     -15341.740965864528
     1    17     0     -15341.741437301796
     2    17     0     -15341.739680670758
     3    17     0     -15341.736722112788
     4    17     0     -15341.734294312908
     5    17     0     -15341.734067233887
     6    17     0     -15341.736152170304
     7    17     0     -15341.739159572711
     8    17     0     -15341.741250767744
     9    17     0     -15341.741274441649
    10    17     0     -15341.739166919786
    11    17     0     -15341.736156252011
    12    17     0     -15341.734131996989
    13    17     0     -15341.734340572264
    14    17     0     -15341.736751228973
    15    17     0     -15341.739755093897
    16    17     0     -15341.741435533057
    17    17     0     -15341.740949809813
     0     0     1     -15341.688631565934
     1     0     1     -15341.689118513688
     2     0     1     -15341.687251404421
     3     0     1     -15341.684053386254
     4     0     1     -15341.681609531655
     5     0     1     -15341.681341771613
     6     0     1     -15341.683557866911
     7     0     1     -15341.686673162465
     8     0     1     -15341.688957286226
     9     0     1     -15341.688942319965
    10     0     1     -15341.686748810118
    11     0     1     -15341.683532288209
    12     0     1     -15341.681279321483
    13     0     1     -15341.681648852107
    14     0     1     -15341.684187674444
    15     0     1     -15341.687266098572
    16     0     1     -15341.689058920752
    17     0     1     -15341.688621361664
     0     1     1     -15341.690644936400
     1     1     1     -15341.691195286689
     2     1     1     -15341.689289809367
     3     1     1     -15341.685994782607
     4     1     1     -15341.683402762008
     5     1     1     -15341.683123301071
     6     1     1     -15341.685349464582
     7     1     1     -15341.688685444478
     8     1     1     -15341.690970248523
     9     1     1     -15341.691010113205
    10     1     1     -15341.688686805046
    11     1     1     -15341.685381846130
    12     1     1     -15341.683127654893
    13     1     1     -15341.683426027743
    14     1     1     -15341.685999816713
    15     1     1     -15341.689251305253
    16     1     1     -15341.691196103027
    17     1     1     -15341.690665344940
     0     2     1     -15341.691117462124
     1     2     1     -15341.691539510723
     2     2     1     -15341.689967781052
     3     2     1     -15341.687201879698
     4     2     1     -15341.684943878869
     5     2     1     -15341.684753807334
     6     2     1     -15341.686644998677
     7     2     1     -15341.689368858442
     8     2     1     -15341.691275424222
     9     2     1     -15341.691319370610
    10     2     1     -15341.689397158285
    11     2     1     -15341.686587854769
    12     2     1     -15341.684571763160
    13     2     1     -15341.685020751034
    14     2     1     -15341.687172083230
    15     2     1     -15341.689881248847
    16     2     1     -15341.691501142668
    17     2     1     -15341.691097325698
     0     3     1     -15341.689370627182
     1     3     1     -15341.689626278157
     2     3     1     -15341.688666396509
     3     3     1     -15341.686964596411
     4     3     1     -15341.685571645548
     5     3     1     -15341.685424159836
     6     3     1     -15341.686632617499
     7     3     1     -15341.688343941580
     8     3     1     -15341.689514031188
     9     3     1     -15341.689543147373
    10     3     1     -15341.688319315275
    11     3     1     -15341.686654658721
    12     3     1     -15341.685435724676
    13     3     1     -15341.685600897788
    14     3     1     -15341.686961603160
    15     3     1     -15341.688647348536
    16     3     1     -15341.689620835878
    17     3     1     -15341.689340150431
     0     4     1     -15341.686018728627
     1     4     1     -15341.686013830576
     2     4     1     -15341.685929611336
     3     4     1     -15341.685682668005
     4     4     1     -15341.685400213815
     5     4     1     -15341.685292864897
     6     4     1     -15341.685536270747
     7     4     1     -15341.685879542385
     8     4     1     -15341.686004034476
     9     4     1     -15341.685972605326
    10     4     1     -15341.685802806274
    11     4     1     -15341.685485113339
    12     4     1     -15341.685306334533
    13     4     1     -15341.685313817665
    14     4     1     -15341.685597224254
    15     4     1     -15341.685904576860
    16     4     1     -15341.686019953138
    17     4     1     -15341.685938999264
     0     5     1     -15341.682846289161
     1     5     1     -15341.682626965387
     2     5     1     -15341.683389700542
     3     5     1     -15341.684679656308
     4     5     1     -15341.685603618926
     5     5     1     -15341.685719539435
     6     5     1     -15341.684890680608
     7     5     1     -15341.683664263432
     8     5     1     -15341.682752954104
     9     5     1     -15341.682691456372
    10     5     1     -15341.683627936231
    11     5     1     -15341.684909048294
    12     5     1     -15341.685676545443
    13     5     1     -15341.685589605066
    14     5     1     -15341.684661560736
    15     5     1     -15341.683409156685
    16     5     1     -15341.682660027222
    17     5     1     -15341.682795948094
     0     6     1     -15341.681429256219
     1     6     1     -15341.680950607937
     2     6     1     -15341.682484377721
     3     6     1     -15341.685017213555
     4     6     1     -15341.686927452869
     5     6     1     -15341.687140109852
     6     6     1     -15341.685467561996
     7     6     1     -15341.682997448410
     8     6     1     -15341.681125985322
     9     6     1     -15341.681033738721
    10     6     1     -15341.682957311616
    11     6     1     -15341.685501304117
    12     6     1     -15341.687154531886
    13     6     1     -15341.686817654927
    14     6     1     -15341.684974355619
    15     6     1     -15341.682494445937
    16     6     1     -15341.680924621061
    17     6     1     -15341.681379187270
     0     7     1     -15341.682121649943
     1     7     1     -15341.681560687217
     2     7     1     -15341.683515281089
     3     7     1     -15341.686797790615
     4     7     1     -15341.689322326973
     5     7     1     -15341.689476343417
     6     7     1     -15341.687365692243
     7     7     1     -15341.684150530902
     8     7     1     -15341.681826542461
     9     7     1     -15341.681767901922
    10     7     1     -15341.684136789152
    11     7     1     -15341.687391134890
    12     7     1     -15341.689504779319
    13     7     1     -15341.689227087119
    14     7     1     -15341.686713163201
    15     7     1     -15341.683551744347
    16     7     1     -15341.681583952952
    17     7     1     -15341.682064642087
     0     8     1     -15341.683909982248
     1     8     1     -15341.683340311876
     2     8     1     -15341.685372594260
     3     8     1     -15341.688628844793
     4     8     1     -15341.691134605297
     5     8     1     -15341.691145217736
     6     8     1     -15341.689081642260
     7     8     1     -15341.685906345600
     8     8     1     -15341.683580860532
     9     8     1     -15341.683496233120
    10     8     1     -15341.685877365473
    11     8     1     -15341.689201508418
    12     8     1     -15341.691319098496
    13     8     1     -15341.691053787479
    14     8     1     -15341.688444215539
    15     8     1     -15341.685312184980
    16     8     1     -15341.683368747777
    17     8     1     -15341.683841817727
     0     9     1     -15341.685372594260
     1     9     1     -15341.684966328263
     2     9     1     -15341.686522411383
     3     9     1     -15341.689143548165
     4     9     1     -15341.691246308037
     5     9     1     -15341.691385766391
     6     9     1     -15341.689627774782
     7     9     1     -15341.687068679965
     8     9     1     -15341.685106739016
     9     9     1     -15341.685112453404
    10     9     1     -15341.687021196092
    11     9     1     -15341.689680836984
    12     9     1     -15341.691411072979
    13     9     1     -15341.691147530704
    14     9     1     -15341.689139330399
    15     9     1     -15341.686533976224
    16     9     1     -15341.684944831266
    17     9     1     -15341.685362253931
     0    10     1     -15341.685696137642
     1    10     1     -15341.685434364106
     2    10     1     -15341.686338326357
     3    10     1     -15341.687855905368
     4    10     1     -15341.689017287332
     5    10     1     -15341.689136881376
     6    10     1     -15341.688051691292
     7    10     1     -15341.686567174114
     8    10     1     -15341.685511916556
     9    10     1     -15341.685534093836
    10    10     1     -15341.686582004320
    11    10     1     -15341.688099719388
    12    10     1     -15341.689050893394
    13    10     1     -15341.688930483009
    14    10     1     -15341.687769101045
    15    10     1     -15341.686230161094
    16    10     1     -15341.685392050400
    17    10     1     -15341.685596680025
     0    11     1     -15341.685435180449
     1    11     1     -15341.685445928942
     2    11     1     -15341.685407969062
     3    11     1     -15341.685448514025
     4    11     1     -15341.685480759517
     5    11     1     -15341.685491780130
     6    11     1     -15341.685472051877
     7    11     1     -15341.685455316871
     8    11     1     -15341.685453956305
     9    11     1     -15341.685435860732
    10    11     1     -15341.685456405328
    11    11     1     -15341.685470283137
    12    11     1     -15341.685489875335
    13    11     1     -15341.685493412815
    14    11     1     -15341.685463208174
    15    11     1     -15341.685424295891
    16    11     1     -15341.685431779024
    17    11     1     -15341.685418853616
     0    12     1     -15341.685666341173
     1    12     1     -15341.685933556984
     2    12     1     -15341.685004016033
     3    12     1     -15341.683576234596
     4    12     1     -15341.682396757060
     5    12     1     -15341.682268047203
     6    12     1     -15341.683222078404
     7    12     1     -15341.684704146557
     8    12     1     -15341.685774778549
     9    12     1     -15341.685835323884
    10    12     1     -15341.684723194527
    11    12     1     -15341.683288474185
    12    12     1     -15341.682294306191
    13    12     1     -15341.682425873241
    14    12     1     -15341.683552968860
    15    12     1     -15341.684961974441
    16    12     1     -15341.685889066368
    17    12     1     -15341.685719267320
     0    13     1     -15341.687190042747
     1    13     1     -15341.687637942165
     2    13     1     -15341.686050838060
     3    13     1     -15341.683351060374
     4    13     1     -15341.681276192172
     5    13     1     -15341.681086528812
     6    13     1     -15341.682849554527
     7    13     1     -15341.685508379076
     8    13     1     -15341.687439843274
     9    13     1     -15341.687489367994
    10    13     1     -15341.685552325465
    11    13     1     -15341.682819621999
    12    13     1     -15341.681080678363
    13    13     1     -15341.681324900555
    14    13     1     -15341.683317590370
    15    13     1     -15341.686019136796
    16    13     1     -15341.687636173425
    17    13     1     -15341.687199158561
     0    14     1     -15341.689432124915
     1    14     1     -15341.689943018693
     2    14     1     -15341.688039718281
     3    14     1     -15341.684735711766
     4    14     1     -15341.682126547994
     5    14     1     -15341.681981647362
     6    14     1     -15341.684119782036
     7    14     1     -15341.687405012699
     8    14     1     -15341.689630768034
     9    14     1     -15341.689765872568
    10    14     1     -15341.687427326035
    11    14     1     -15341.684074339022
    12    14     1     -15341.681975660857
    13    14     1     -15341.682182603450
    14    14     1     -15341.684627546503
    15    14     1     -15341.687953458186
    16    14     1     -15341.689932406251
    17    14     1     -15341.689415117798
     0    15     1     -15341.691084264232
     1    15     1     -15341.691607131017
     2    15     1     -15341.689735259757
     3    15     1     -15341.686550439112
     4    15     1     -15341.684031617146
     5    15     1     -15341.683768619097
     6    15     1     -15341.685975734636
     7    15     1     -15341.689140963083
     8    15     1     -15341.691406310987
     9    15     1     -15341.691447672294
    10    15     1     -15341.689176065771
    11    15     1     -15341.685954645809
    12    15     1     -15341.683806034751
    13    15     1     -15341.684105360002
    14    15     1     -15341.686591800421
    15    15     1     -15341.689726007888
    16    15     1     -15341.691583048942
    17    15     1     -15341.691138823062
     0    16     1     -15341.690782898129
     1    16     1     -15341.691183857907
     2    16     1     -15341.689793628182
     3    16     1     -15341.687266778856
     4    16     1     -15341.685259530948
     5    16     1     -15341.685159937277
     6    16     1     -15341.686826226512
     7    16     1     -15341.689314843839
     8    16     1     -15341.691015011253
     9    16     1     -15341.690982085476
    10    16     1     -15341.689294027130
    11    16     1     -15341.686793844961
    12    16     1     -15341.685143066215
    13    16     1     -15341.685428377599
    14    16     1     -15341.687346780329
    15    16     1     -15341.689631720436
    16    16     1     -15341.691165218106
    17    16     1     -15341.690761129019
     0    17     1     -15341.688362445324
     1    17     1     -15341.688623402517
     2    17     1     -15341.687844340528
     3    17     1     -15341.686596698468
     4    17     1     -15341.685569876809
     5    17     1     -15341.685478990777
     6    17     1     -15341.686420640799
     7    17     1     -15341.687646241637
     8    17     1     -15341.688517414166
     9    17     1     -15341.688513060344
    10    17     1     -15341.687248683284
    11    17     1     -15341.686383361201
    12    17     1     -15341.685502800743
    13    17     1     -15341.685637769217
    14    17     1     -15341.686662686081
    15    17     1     -15341.687867878378
    16    17     1     -15341.688553605311
    17    17     1     -15341.688383806262
     0     0     2     -15341.603858709846
     1     0     2     -15341.604166062456
     2     0     2     -15341.603202099099
     3     0     2     -15341.601380432845
     4     0     2     -15341.599975100802
     5     0     2     -15341.599778090367
     6     0     2     -15341.601024507914
     7     0     2     -15341.602753927567
     8     0     2     -15341.604060074107
     9     0     2     -15341.604132728507
    10     0     2     -15341.602822908430
    11     0     2     -15341.601026140597
    12     0     2     -15341.599815642079
    13     0     2     -15341.599955916778
    14     0     2     -15341.601371589146
    15     0     2     -15341.603120328882
    16     0     2     -15341.604179668147
    17     0     2     -15341.603899799042
     0     1     2     -15341.604891381954
     1     1     2     -15341.605160366509
     2     1     2     -15341.604227424132
     3     1     2     -15341.602423445282
     4     1     2     -15341.601025868482
     5     1     2     -15341.600893757204
     6     1     2     -15341.602107112914
     7     1     2     -15341.603816396144
     8     1     2     -15341.605057507468
     9     1     2     -15341.605073562187
    10     1     2     -15341.603871091031
    11     1     2     -15341.602090922141
    12     1     2     -15341.600867362156
    13     1     2     -15341.601076617719
    14     1     2     -15341.602431744752
    15     1     2     -15341.604154225501
    16     1     2     -15341.605183632242
    17     1     2     -15341.604786754177
     0     2     2     -15341.605131930612
     1     2     2     -15341.605307716167
     2     2     2     -15341.604566205891
     3     2     2     -15341.603204139952
     4     2     2     -15341.602085888035
     5     2     2     -15341.602051737744
     6     2     2     -15341.602962774954
     7     2     2     -15341.604280214220
     8     2     2     -15341.605250164084
     9     2     2     -15341.605236694448
    10     2     2     -15341.604334500937
    11     2     2     -15341.602968761461
    12     2     2     -15341.602071874171
    13     2     2     -15341.602137725724
    14     2     2     -15341.603223596092
    15     2     2     -15341.604571648166
    16     2     2     -15341.605248123229
    17     2     2     -15341.605144856019
     0     3     2     -15341.604212185757
     1     3     2     -15341.604324432723
     2     3     2     -15341.603884968836
     3     3     2     -15341.603294617811
     4     3     2     -15341.602709164838
     5     3     2     -15341.602623040799
     6     3     2     -15341.603128900468
     7     3     2     -15341.603860750702
     8     3     2     -15341.604256132145
     9     3     2     -15341.604288649751
    10     3     2     -15341.603846872895
    11     3     2     -15341.603143730674
    12     3     2     -15341.602627258564
    13     3     2     -15341.602662361252
    14     3     2     -15341.603249310852
    15     3     2     -15341.603949323764
    16     3     2     -15341.604335317279
    17     3     2     -15341.604224158767
     0     4     2     -15341.602413377066
     1     4     2     -15341.602325348231
     2     4     2     -15341.602487255981
     3     4     2     -15341.602627666734
     4     4     2     -15341.602655286290
     5     4     2     -15341.602575420871
     6     4     2     -15341.602615965838
     7     4     2     -15341.602540318183
     8     4     2     -15341.602434874063
     9     4     2     -15341.602364260514
    10     4     2     -15341.602540046069
    11     4     2     -15341.602626442223
    12     4     2     -15341.602655966577
    13     4     2     -15341.602630523930
    14     4     2     -15341.602582767946
    15     4     2     -15341.602525624035
    16     4     2     -15341.602388342593
    17     4     2     -15341.602466167158
     0     5     2     -15341.600678787252
     1     5     2     -15341.600537560156
     2     5     2     -15341.601088182557
     3     5     2     -15341.602038540223
     4     5     2     -15341.602656238691
     5     5     2     -15341.602771751022
     6     5     2     -15341.602112283079
     7     5     2     -15341.601272403643
     8     5     2     -15341.600586540651
     9     5     2     -15341.600581642604
    10     5     2     -15341.601231042336
    11     5     2     -15341.602168882764
    12     5     2     -15341.602719096991
    13     5     2     -15341.602646986819
    14     5     2     -15341.601937994148
    15     5     2     -15341.601107094471
    16     5     2     -15341.600502321409
    17     5     2     -15341.600667902696
     0     6     2     -15341.599834145822
     1     6     2     -15341.599523255732
     2     6     2     -15341.600373883668
     3     6     2     -15341.602018539854
     4     6     2     -15341.603169037266
     5     6     2     -15341.603282508742
     6     6     2     -15341.602307932946
     7     6     2     -15341.600820558573
     8     6     2     -15341.599688428849
     9     6     2     -15341.599722715195
    10     6     2     -15341.600768720882
    11     6     2     -15341.602263986559
    12     6     2     -15341.603317203262
    13     6     2     -15341.603190806372
    14     6     2     -15341.601989695784
    15     6     2     -15341.600548444711
    16     6     2     -15341.599550467119
    17     6     2     -15341.599779450935
     0     7     2     -15341.600240956046
     1     7     2     -15341.599927072706
     2     7     2     -15341.600990629739
     3     7     2     -15341.602817874324
     4     7     2     -15341.604220893398
     5     7     2     -15341.604373957447
     6     7     2     -15341.603170397831
     7     7     2     -15341.601413630737
     8     7     2     -15341.600056462847
     9     7     2     -15341.600046802805
    10     7     2     -15341.601377303537
    11     7     2     -15341.603173799256
    12     7     2     -15341.604340079271
    13     7     2     -15341.604213274210
    14     7     2     -15341.602795560988
    15     7     2     -15341.601038793890
    16     7     2     -15341.599962719623
    17     7     2     -15341.600199594741
     0     8     2     -15341.601360024304
     1     8     2     -15341.601073216294
     2     8     2     -15341.602092826939
     3     8     2     -15341.603823335045
     4     8     2     -15341.605140366142
     5     8     2     -15341.605259007783
     6     8     2     -15341.604110007000
     7     8     2     -15341.602389839220
     8     8     2     -15341.601214987619
     9     8     2     -15341.601154442284
    10     8     2     -15341.602418819344
    11     8     2     -15341.604118306474
    12     8     2     -15341.605190843262
    13     8     2     -15341.605099549060
    14     8     2     -15341.603794899147
    15     8     2     -15341.602136229099
    16     8     2     -15341.601070223043
    17     8     2     -15341.601349820037
     0     9     2     -15341.602421812597
     1     9     2     -15341.602185753822
     2     9     2     -15341.602944679385
     3     9     2     -15341.604177083069
     4     9     2     -15341.605210435459
     5     9     2     -15341.605312069989
     6     9     2     -15341.604433686440
     7     9     2     -15341.603176384338
     8     9     2     -15341.602298272905
     9     9     2     -15341.602269292778
    10     9     2     -15341.603157472424
    11     9     2     -15341.604454639206
    12     9     2     -15341.605284178317
    13     9     2     -15341.605140910366
    14     9     2     -15341.604238172627
    15     9     2     -15341.602946992352
    16     9     2     -15341.602217046915
    17     9     2     -15341.602395281498
     0    10     2     -15341.602724539269
     1    10     2     -15341.602665218446
     2    10     2     -15341.602869712015
     3    10     2     -15341.603617344852
     4    10     2     -15341.604033270891
     5    10     2     -15341.604091639316
     6    10     2     -15341.603631358716
     7    10     2     -15341.603053116758
     8    10     2     -15341.602726988292
     9    10     2     -15341.602696511540
    10    10     2     -15341.603104546277
    11    10     2     -15341.603698570840
    12    10     2     -15341.604089462404
    13    10     2     -15341.604031910319
    14    10     2     -15341.603565371102
    15    10     2     -15341.602999238214
    16    10     2     -15341.602659231943
    17    10     2     -15341.602782635580
     0    11     2     -15341.602679504425
     1    11     2     -15341.602725627725
     2    11     2     -15341.602563583920
     3    11     2     -15341.602340178439
     4    11     2     -15341.602157045809
     5    11     2     -15341.602179087031
     6    11     2     -15341.602282898470
     7    11     2     -15341.602561815180
     8    11     2     -15341.602694470686
     9    11     2     -15341.602729437320
    10    11     2     -15341.602604128884
    11    11     2     -15341.602275415340
    12    11     2     -15341.602162352028
    13    11     2     -15341.602190787926
    14    11     2     -15341.602337865470
    15    11     2     -15341.602578278067
    16    11     2     -15341.602713654715
    17    11     2     -15341.602676375114
     0    12     2     -15341.602681273165
     1    12     2     -15341.602868351447
     2    12     2     -15341.602114187877
     3    12     2     -15341.601214715503
     4    12     2     -15341.600433884774
     5    12     2     -15341.600349121307
     6    12     2     -15341.601005323886
     7    12     2     -15341.601928742279
     8    12     2     -15341.602827806480
     9    12     2     -15341.602820731519
    10    12     2     -15341.602058676648
    11    12     2     -15341.601033487670
    12    12     2     -15341.600339597322
    13    12     2     -15341.600501369012
    14    12     2     -15341.601203694892
    15    12     2     -15341.602186706219
    16    12     2     -15341.602922774218
    17    12     2     -15341.602684538530
     0    13     2     -15341.603266590082
     1    13     2     -15341.603568228298
     2    13     2     -15341.602582904005
     3    13     2     -15341.601014983928
     4    13     2     -15341.599736456945
     5    13     2     -15341.599675639496
     6    13     2     -15341.600704093840
     7    13     2     -15341.602268612491
     8    13     2     -15341.603453804420
     9    13     2     -15341.603483873003
    10    13     2     -15341.602303715179
    11    13     2     -15341.600721100956
    12    13     2     -15341.599654958845
    13    13     2     -15341.599856187046
    14    13     2     -15341.601028181451
    15    13     2     -15341.602586441484
    16    13     2     -15341.603529043903
    17    13     2     -15341.603343598304
     0    14     2     -15341.604268377268
     1    14     2     -15341.604604573946
     2    14     2     -15341.603441559297
     3    14     2     -15341.601698806066
     4    14     2     -15341.600421231480
     5    14     2     -15341.600187893844
     6    14     2     -15341.601299478971
     7    14     2     -15341.603155975798
     8    14     2     -15341.604438856601
     9    14     2     -15341.604510830721
    10    14     2     -15341.603198017390
    11    14     2     -15341.601344649873
    12    14     2     -15341.600154559896
    13    14     2     -15341.600341366062
    14    14     2     -15341.601667376914
    15    14     2     -15341.603474893245
    16    14     2     -15341.604587974998
    17    14     2     -15341.604332460083
     0    15     2     -15341.605117508574
     1    15     2     -15341.605401595449
     2    15     2     -15341.604452190182
     3    15     2     -15341.602739369475
     4    15     2     -15341.601462747290
     5    15     2     -15341.601375398739
     6    15     2     -15341.602477051711
     7    15     2     -15341.604104836837
     8    15     2     -15341.605267035144
     9    15     2     -15341.605290300879
    10    15     2     -15341.604139803467
    11    15     2     -15341.602498004480
    12    15     2     -15341.601344377759
    13    15     2     -15341.601555129944
    14    15     2     -15341.602811207533
    15    15     2     -15341.604421033146
    16    15     2     -15341.605367445160
    17    15     2     -15341.605181727447
     0    16     2     -15341.604974784856
     1    16     2     -15341.605176693341
     2    16     2     -15341.604463482909
     3    16     2     -15341.603351217493
     4    16     2     -15341.602367797997
     5    16     2     -15341.602369566737
     6    16     2     -15341.603176520393
     7    16     2     -15341.604282255075
     8    16     2     -15341.605065126656
     9    16     2     -15341.605129889756
    10    16     2     -15341.604360215697
    11    16     2     -15341.603139648965
    12    16     2     -15341.602364260514
    13    16     2     -15341.602504535211
    14    16     2     -15341.603363870790
    15    16     2     -15341.604493687546
    16    16     2     -15341.605167033300
    17    16     2     -15341.604997370307
     0    17     2     -15341.603745238366
     1    17     2     -15341.603826464356
     2    17     2     -15341.603560336996
     3    17     2     -15341.603089852129
     4    17     2     -15341.602716239797
     5    17     2     -15341.602682089508
     6    17     2     -15341.603070940215
     7    17     2     -15341.603465505317
     8    17     2     -15341.603796803945
     9    17     2     -15341.603833675374
    10    17     2     -15341.603530268414
    11    17     2     -15341.603055837897
    12    17     2     -15341.602698280281
    13    17     2     -15341.602808078225
    14    17     2     -15341.603160057506
    15    17     2     -15341.603502240689
    16    17     2     -15341.603788368415
    17    17     2     -15341.603716802469
