#
eigensolver     chebdav

begin save_wfn_bands
end save_wfn_bands

ignore_symmetry .true.
grid_spacing    0.30
diag_tolerance           2.d-5
convergence_criterion    2.d-4
Max_Iter                 400
Restart_mixing           40
mixing_param             0.1

correlation_type         CA


#---------output from afm.py----------
states_num 142

boundary_conditions slab
begin cell_shape
   23.683763390460    0.000000000000    0.000000000000
    0.000000000000   24.612888904032    0.000000000000
end cell_shape

kpoint_method mp

begin monkhorst_pack_grid
  3  3
end monkhorst_pack_grid

begin monkhorst_pack_shift
0.0  0.0  0.0
end monkhorst_pack_shift

boundary_sphere_radius 9.95805872138

atom_types_num 2
coordinate_unit cartesian_bohr

#------------ begin sample -----------
atom_type B
local_component s
begin atom_coord
    0.000000000000    6.836913584450   -4.958058721378
    4.736752678092    6.836913584450   -4.958058721378
    9.473505356184    6.836913584450   -4.958058721378
   14.210258034276    6.836913584450   -4.958058721378
   18.947010712368    6.836913584450   -4.958058721378
    0.000000000000   15.041209885794   -4.958058721378
    4.736752678092   15.041209885794   -4.958058721378
    9.473505356184   15.041209885794   -4.958058721378
   14.210258034276   15.041209885794   -4.958058721378
   18.947010712368   15.041209885794   -4.958058721378
    0.000000000000   23.245506187138   -4.958058721378
    4.736752678092   23.245506187138   -4.958058721378
    9.473505356184   23.245506187138   -4.958058721378
   14.210258034276   23.245506187138   -4.958058721378
   18.947010712368   23.245506187138   -4.958058721378
    2.368376339046    2.734765433779   -4.958058721378
    7.105129017138    2.734765433779   -4.958058721378
   11.841881695230    2.734765433779   -4.958058721378
   16.578634373322    2.734765433779   -4.958058721378
   21.315387051414    2.734765433779   -4.958058721378
    2.368376339046   10.939061735123   -4.958058721378
    7.105129017138   10.939061735123   -4.958058721378
   11.841881695230   10.939061735123   -4.958058721378
   16.578634373322   10.939061735123   -4.958058721378
   21.315387051414   10.939061735123   -4.958058721378
    2.368376339046   19.143358036467   -4.958058721378
    7.105129017138   19.143358036467   -4.958058721378
   11.841881695230   19.143358036467   -4.958058721378
   16.578634373322   19.143358036467   -4.958058721378
   21.315387051414   19.143358036467   -4.958058721378
end atom_coord

atom_type N
local_component s
begin atom_coord
    0.000000000000    1.367382716894   -4.958058721378
    4.736752678092    1.367382716894   -4.958058721378
    9.473505356184    1.367382716894   -4.958058721378
   14.210258034276    1.367382716894   -4.958058721378
   18.947010712368    1.367382716894   -4.958058721378
    0.000000000000    9.571679018238   -4.958058721378
    4.736752678092    9.571679018238   -4.958058721378
    9.473505356184    9.571679018238   -4.958058721378
   14.210258034276    9.571679018238   -4.958058721378
   18.947010712368    9.571679018238   -4.958058721378
    0.000000000000   17.775975319582   -4.958058721378
    4.736752678092   17.775975319582   -4.958058721378
    9.473505356184   17.775975319582   -4.958058721378
   14.210258034276   17.775975319582   -4.958058721378
   18.947010712368   17.775975319582   -4.958058721378
    2.368376339046    5.469530867565   -4.958058721378
    7.105129017138    5.469530867565   -4.958058721378
   11.841881695230    5.469530867565   -4.958058721378
   16.578634373322    5.469530867565   -4.958058721378
   21.315387051414    5.469530867565   -4.958058721378
    2.368376339046   13.673827168909   -4.958058721378
    7.105129017138   13.673827168909   -4.958058721378
   11.841881695230   13.673827168909   -4.958058721378
   16.578634373322   13.673827168909   -4.958058721378
   21.315387051414   13.673827168909   -4.958058721378
    2.368376339046   21.878123470253   -4.958058721378
    7.105129017138   21.878123470253   -4.958058721378
   11.841881695230   21.878123470253   -4.958058721378
   16.578634373322   21.878123470253   -4.958058721378
   21.315387051414   21.878123470253   -4.958058721378
end atom_coord

#------------- end sample ------------

